File Name  ThreadsCount SourceVertex SeqTime ParTime SpeedUp LayersCountMax Status
largeEWD.txt 4 741917 1.3562 2.32163 0 600 1
largeEWD.txt 4 911912 2.66747 2.03569 1 557 1
largeEWD.txt 4 687995 3.27338 1.91851 1 571 1
largeEWD.txt 4 654923 2.67719 1.79384 1 575 1
largeEWD.txt 4 10663 3.62225 1.92978 1 577 1
largeEWD.txt 2 325738 2.92004 2.04208 1 643 1
largeEWD.txt 4 655129 2.86557 2.09437 1 666 1
largeEWD.txt 4 71353 2.55598 1.98441 1 613 1
largeEWD.txt 4 862087 2.49894 1.80912 1 609 1
largeEWD.txt 4 407293 3.04314 2.24383 1 744 1
largeEWD.txt 4 421056 2.86966 2.34574 1 575 1
largeEWD.txt 4 412150 2.81087 2.20671 1 703 1
largeEWD.txt 4 610856 2.9855 2.48194 1 734 1
largeEWD.txt 4 427103 3.06077 1.50333 2 601 1
largeEWD.txt 4 254808 3.07733 2.28098 1 618 1
largeEWD.txt 4 345184 2.69587 2.18305 1 562 1
largeEWD.txt 4 978409 2.70419 1.70552 1 445 1
largeEWD.txt 8 803409 2.68676 1.84308 1 709 1
largeEWD.txt 4 764877 3.11454 2.61787 1 515 1
largeEWD.txt 4 755277 2.87038 2.01308 1 675 1
