File Name  ThreadsCount SourceVertex SeqTime ParTime SpeedUp LayersCountMax Status
largeEWD.txt 16 741917 1.07667 0.644619 1 600 1
largeEWD.txt 8 911912 2.74479 0.810904 3 557 1
largeEWD.txt 16 687995 2.5267 0.928921 2 571 1
largeEWD.txt 16 654923 2.75129 0.987387 2 575 1
largeEWD.txt 8 10663 2.6293 1.02334 2 577 1
largeEWD.txt 8 325738 2.82388 1.07715 2 643 1
largeEWD.txt 8 655129 2.82225 1.04234 2 666 1
largeEWD.txt 16 71353 2.64119 0.620733 4 613 1
largeEWD.txt 16 862087 2.85555 0.870294 3 609 1
largeEWD.txt 16 407293 2.84417 1.03111 2 744 1
largeEWD.txt 16 421056 2.83761 0.654447 4 575 1
largeEWD.txt 8 412150 2.74504 1.26092 2 703 1
largeEWD.txt 8 610856 2.76295 1.00662 2 734 1
largeEWD.txt 16 427103 2.8805 0.772013 3 601 1
largeEWD.txt 16 254808 3.02034 0.816876 3 618 1
largeEWD.txt 16 345184 2.82385 0.984139 2 562 1
largeEWD.txt 16 978409 3.59334 0.5281 6 445 1
largeEWD.txt 16 803409 2.41237 0.55969 4 709 1
largeEWD.txt 16 764877 2.43009 0.564098 4 515 1
largeEWD.txt 8 755277 2.53836 0.77348 3 675 1
