File Name  ThreadsCount SourceVertex SeqTime ParTime SpeedUp LayersCountMax Status
lj.txt 4 2085831 0.355558 0.0128701 27 0 1
lj.txt 32 223268 3.28296 1.16983 2 16 1
lj.txt 2 950510 0.0877412 0.0117978 7 1 1
lj.txt 2 184024 0.0275946 0.0111704 2 1 1
lj.txt 2 3419695 0.0279391 0.0106658 2 0 1
lj.txt 2 3382715 0.029296 0.0112372 2 2 1
lj.txt 2 1277839 0.0291305 0.0122345 2 16 1
lj.txt 32 131589 3.77743 1.26734 2 16 1
lj.txt 4 3423745 0.043327 0.0131902 3 0 1
lj.txt 2 2875341 0.0291835 0.00994031 2 0 1
